Node Number	Temperature (蚓)
1	626.89
2	626.88
3	626.85
4	626.85
5	626.85
6	626.85
7	626.85
8	627.
9	627.
10	627.
11	627.
12	626.85
13	626.73
14	626.73
15	626.85
16	626.85
17	626.79
18	626.79
19	627.
20	627.
21	626.89
22	626.85
23	626.73
24	626.79
25	627.
26	627.
27	626.89
28	626.85
29	626.85
30	626.85
31	626.73
32	626.88
33	626.85
34	626.85
35	626.79
36	627.
37	627.
38	626.85
39	626.73
40	626.85
41	626.85
42	626.79
43	627.
44	627.
45	626.89
46	626.85
47	626.73
48	626.85
49	626.79
50	627.
51	627.
52	626.89
53	626.85
54	626.85
55	626.73
56	626.85
57	626.79
58	627.
59	627.
60	626.89
61	626.85
62	626.85
63	626.73
64	626.88
65	626.85
66	626.85
67	626.79
68	627.
69	627.
70	626.85
71	626.73
72	626.85
73	626.85
74	626.79
75	627.
76	627.
77	626.89
78	626.85
79	626.73
80	626.79
81	627.
82	627.
83	626.89
84	626.85
85	626.85
86	626.85
87	626.73
88	626.88
89	626.85
90	626.85
91	626.79
92	627.
93	627.
94	626.85
95	626.73
96	626.85
97	626.85
98	626.79
99	627.
100	627.
101	626.89
102	626.85
103	626.73
104	626.79
105	627.
106	627.
107	626.89
108	626.85
109	626.85
110	626.85
111	626.73
112	626.88
113	626.85
114	626.85
115	626.79
116	627.
117	627.
118	626.85
119	626.73
120	626.85
121	626.85
122	626.79
123	627.
124	627.
125	626.89
126	626.85
127	626.73
128	626.85
129	626.79
130	627.
131	627.
132	626.89
133	626.85
134	626.85
135	626.73
136	626.85
137	626.79
138	627.
139	627.
140	626.89
141	626.85
142	626.85
143	626.73
144	626.88
145	626.85
146	626.85
147	626.79
148	627.
149	627.
150	626.85
151	626.73
152	626.85
153	626.85
154	626.79
155	627.
156	627.
157	626.89
158	626.85
159	626.73
160	626.79
161	627.
162	627.
163	626.89
164	626.85
165	626.85
166	626.85
167	626.73
168	626.88
169	626.85
170	626.85
171	626.79
172	627.
173	627.
174	626.85
175	626.73
176	626.85
177	626.85
178	626.79
179	627.
180	627.
181	626.89
182	626.85
183	626.73
184	626.79
185	627.
186	627.
187	626.89
188	626.85
189	626.85
190	626.85
191	626.73
192	626.88
193	626.85
194	626.85
195	626.79
196	627.
197	627.
198	626.85
199	626.73
200	627.
201	627.
202	626.85
203	626.85
204	626.79
205	626.89
206	626.85
207	626.73
208	627.
209	627.
210	626.89
211	626.85
212	626.79
213	626.85
214	626.85
215	626.73
216	627.
217	627.
218	626.89
219	626.85
220	626.85
221	626.79
222	626.88
223	626.85
224	627.
225	627.
226	626.73
227	626.85
228	626.85
229	626.85
230	626.79
231	626.89
232	627.
233	626.85
234	626.85
235	627.
236	626.73
237	626.79
238	626.89
239	627.
240	626.85
241	626.85
242	627.
243	626.73
244	626.89
245	627.
246	627.
247	626.73
248	626.89
249	626.85
250	626.79
251	627.
252	627.
253	626.79
254	627.
255	626.85
256	626.85
257	626.85
258	627.
259	626.73
260	626.85
261	626.88
262	626.73
263	626.86
264	626.86
265	626.85
266	626.79
267	627.
268	627.
269	626.85
270	626.73
271	626.79
272	626.85
273	626.89
274	627.
275	627.
276	626.73
277	626.85
278	626.89
279	626.87
280	626.87
281	626.9
282	626.87
283	626.86
284	626.79
285	627.
286	627.
287	626.73
288	626.85
289	626.89
290	626.85
291	626.79
292	626.85
293	627.
294	626.88
295	626.87
296	627.
297	626.73
298	627.
299	627.
300	626.79
301	627.
302	627.
303	626.87
304	626.78
305	626.73
306	626.88
307	626.85
308	626.85
309	626.85
310	626.73
311	626.73
312	626.78
313	626.85
314	626.87
315	626.82
316	626.86
317	626.85
318	626.8
319	626.86
320	626.86
321	626.85
322	626.85
323	626.85
324	626.85
325	626.85
326	626.85
327	626.85
328	626.85
329	626.83
330	627.
331	627.
332	627.
333	627.
334	627.
335	627.
336	627.
337	627.
338	626.85
339	626.85
340	626.85
341	626.74
342	626.85
343	626.85
344	626.85
345	626.85
346	626.85
347	626.85
348	626.78
349	626.74
350	626.74
351	626.73
352	626.73
353	626.73
354	626.73
355	627.
356	627.
357	627.
358	627.
359	627.
360	626.85
361	626.85
362	626.83
363	626.85
364	626.74
365	626.78
366	626.73
367	626.73
368	626.73
369	627.
370	627.
371	627.
372	627.
373	627.
374	626.85
375	626.85
376	626.85
377	626.85
378	626.85
379	626.84
380	626.74
381	626.85
382	626.85
383	626.85
384	626.85
385	626.85
386	626.85
387	626.83
388	626.78
389	626.73
390	626.73
391	626.73
392	627.
393	627.
394	627.
395	627.
396	627.
397	626.85
398	626.85
399	626.85
400	626.74
401	626.85
402	626.85
403	626.85
404	626.85
405	626.85
406	626.85
407	626.78
408	626.73
409	626.73
410	626.73
411	627.
412	627.
413	627.
414	627.
415	627.
416	626.85
417	626.85
418	626.83
419	626.85
420	626.74
421	626.85
422	626.85
423	626.78
424	626.73
425	626.73
426	626.73
427	627.
428	627.
429	627.
430	627.
431	627.
432	626.85
433	626.85
434	626.85
435	626.85
436	626.84
437	626.74
438	626.85
439	626.85
440	626.78
441	626.73
442	626.73
443	626.73
444	627.
445	627.
446	627.
447	627.
448	627.
449	626.85
450	626.85
451	626.85
452	626.85
453	626.84
454	626.74
455	626.85
456	626.85
457	626.85
458	626.85
459	626.85
460	626.85
461	626.83
462	626.78
463	626.73
464	626.73
465	626.73
466	627.
467	627.
468	627.
469	627.
470	627.
471	626.85
472	626.85
473	626.85
474	626.74
475	626.85
476	626.85
477	626.85
478	626.85
479	626.85
480	626.85
481	626.78
482	626.73
483	626.73
484	626.73
485	627.
486	627.
487	627.
488	627.
489	627.
490	626.85
491	626.85
492	626.83
493	626.85
494	626.74
495	626.78
496	626.73
497	626.73
498	626.73
499	627.
500	627.
501	627.
502	627.
503	627.
504	626.85
505	626.85
506	626.85
507	626.85
508	626.85
509	626.84
510	626.74
511	626.85
512	626.85
513	626.85
514	626.85
515	626.85
516	626.85
517	626.83
518	626.78
519	626.73
520	626.73
521	626.73
522	627.
523	627.
524	627.
525	627.
526	627.
527	626.85
528	626.85
529	626.85
530	626.74
531	626.85
532	626.85
533	626.85
534	626.85
535	626.85
536	626.85
537	626.78
538	626.73
539	626.73
540	626.73
541	627.
542	627.
543	627.
544	627.
545	627.
546	626.85
547	626.85
548	626.83
549	626.85
550	626.74
551	626.78
552	626.73
553	626.73
554	626.73
555	627.
556	627.
557	627.
558	627.
559	627.
560	626.85
561	626.85
562	626.85
563	626.85
564	626.85
565	626.84
566	626.74
567	626.85
568	626.85
569	626.85
570	626.85
571	626.85
572	626.85
573	626.83
574	626.78
575	626.73
576	626.73
577	626.73
578	627.
579	627.
580	627.
581	627.
582	627.
583	626.85
584	626.85
585	626.85
586	626.74
587	626.85
588	626.85
589	626.85
590	626.85
591	626.85
592	626.85
593	626.78
594	626.73
595	626.73
596	626.73
597	627.
598	627.
599	627.
600	627.
601	627.
602	626.85
603	626.85
604	626.83
605	626.85
606	626.74
607	626.85
608	626.85
609	626.78
610	626.73
611	626.73
612	626.73
613	627.
614	627.
615	627.
616	627.
617	627.
618	626.85
619	626.85
620	626.85
621	626.85
622	626.84
623	626.74
624	626.85
625	626.85
626	626.78
627	626.73
628	626.73
629	626.73
630	627.
631	627.
632	627.
633	627.
634	627.
635	626.85
636	626.85
637	626.85
638	626.85
639	626.84
640	626.74
641	626.85
642	626.85
643	626.85
644	626.85
645	626.85
646	626.85
647	626.83
648	626.78
649	626.73
650	626.73
651	626.73
652	627.
653	627.
654	627.
655	627.
656	627.
657	626.85
658	626.85
659	626.85
660	626.74
661	626.85
662	626.85
663	626.85
664	626.85
665	626.85
666	626.85
667	626.78
668	626.73
669	626.73
670	626.73
671	627.
672	627.
673	627.
674	627.
675	627.
676	626.85
677	626.85
678	626.83
679	626.85
680	626.74
681	626.78
682	626.73
683	626.73
684	626.73
685	627.
686	627.
687	627.
688	627.
689	627.
690	626.85
691	626.85
692	626.85
693	626.85
694	626.85
695	626.84
696	626.74
697	626.85
698	626.85
699	626.85
700	626.85
701	626.85
702	626.85
703	626.83
704	626.78
705	626.73
706	626.73
707	626.73
708	627.
709	627.
710	627.
711	627.
712	627.
713	626.85
714	626.85
715	626.85
716	626.74
717	626.85
718	626.85
719	626.85
720	626.85
721	626.85
722	626.85
723	626.78
724	626.73
725	626.73
726	626.73
727	627.
728	627.
729	627.
730	627.
731	627.
732	626.85
733	626.85
734	626.83
735	626.85
736	626.74
737	626.78
738	626.73
739	626.73
740	626.73
741	627.
742	627.
743	627.
744	627.
745	627.
746	626.85
747	626.85
748	626.85
749	626.85
750	626.85
751	626.84
752	626.74
753	626.85
754	626.85
755	626.85
756	626.85
757	626.85
758	626.85
759	626.83
760	626.78
761	626.73
762	626.73
763	626.73
764	627.
765	627.
766	627.
767	627.
768	627.
769	626.85
770	626.85
771	626.85
772	626.74
773	627.
774	627.
775	627.
776	627.
777	627.
778	626.85
779	626.85
780	626.85
781	626.85
782	626.85
783	626.85
784	626.78
785	626.73
786	626.73
787	626.73
788	626.85
789	626.85
790	626.83
791	626.85
792	626.74
793	627.
794	627.
795	627.
796	627.
797	627.
798	626.85
799	626.85
800	626.85
801	626.78
802	626.73
803	626.73
804	626.73
805	626.85
806	626.85
807	626.85
808	626.84
809	626.74
810	627.
811	627.
812	627.
813	627.
814	627.
815	626.85
816	626.85
817	626.85
818	626.85
819	626.85
820	626.78
821	626.73
822	626.73
823	626.73
824	626.85
825	626.85
826	626.85
827	626.84
828	627.
829	627.
830	627.
831	627.
832	627.
833	626.74
834	626.85
835	626.85
836	626.85
837	626.85
838	626.85
839	626.85
840	626.83
841	626.78
842	626.73
843	626.73
844	626.73
845	626.85
846	627.
847	626.85
848	626.85
849	626.85
850	626.85
851	626.85
852	627.
853	627.
854	627.
855	627.
856	626.74
857	626.85
858	626.85
859	626.85
860	626.78
861	626.73
862	626.73
863	626.73
864	626.85
865	627.
866	626.85
867	626.85
868	626.83
869	626.85
870	627.
871	627.
872	627.
873	627.
874	626.74
875	626.85
876	627.
877	627.
878	627.
879	627.
880	627.
881	626.74
882	626.85
883	626.85
884	626.85
885	626.78
886	626.73
887	626.73
888	626.73
889	627.
890	627.
891	627.
892	627.
893	627.
894	626.78
895	626.73
896	626.73
897	626.73
898	627.
899	626.86
900	626.85
901	626.85
902	626.85
903	626.85
904	626.84
905	627.
906	627.
907	627.
908	627.
909	626.74
910	626.85
911	626.85
912	626.85
913	626.74
914	626.85
915	626.85
916	626.85
917	626.85
918	626.85
919	626.85
920	626.85
921	626.83
922	626.78
923	626.73
924	626.73
925	626.73
926	627.
927	627.
928	627.
929	627.
930	627.
931	626.85
932	626.84
933	626.74
934	626.78
935	626.73
936	626.73
937	626.73
938	626.85
939	626.86
940	627.
941	626.86
942	626.85
943	626.85
944	627.
945	627.
946	627.
947	627.
948	626.74
949	626.85
950	626.85
951	626.85
952	626.85
953	626.85
954	626.87
955	626.87
956	626.87
957	626.87
958	626.87
959	626.87
960	626.87
961	626.83
962	626.86
963	626.78
964	626.73
965	626.73
966	626.73
967	627.
968	627.
969	627.
970	627.
971	627.
972	626.74
973	626.85
974	626.85
975	626.85
976	626.85
977	626.83
978	626.78
979	626.73
980	626.73
981	626.73
982	626.85
983	626.85
984	626.85
985	627.
986	626.88
987	626.87
988	626.87
989	627.
990	627.
991	627.
992	627.
993	626.74
994	627.
995	627.
996	627.
997	627.
998	627.
999	626.85
1000	626.78
1001	626.73
1002	626.73
1003	626.73
1004	626.85
1005	627.
1006	627.
1007	627.
1008	627.
1009	627.
1010	627.
1011	627.
1012	626.9
1013	626.87
1014	626.87
1015	626.86
1016	626.78
1017	626.73
1018	626.73
1019	626.73
1020	626.74
1021	626.85
1022	626.85
1023	626.85
1024	626.85
1025	626.83
1026	626.85
1027	626.85
1028	626.91
1029	626.87
1030	626.87
1031	626.74
1032	626.74
1033	626.74
1034	626.78
1035	626.73
1036	626.73
1037	626.73
1038	626.85
1039	626.84
1040	626.85
1041	626.88
1042	626.87
1043	626.87
1044	626.82
1045	626.73
1046	626.73
1047	626.73
1048	626.86
1049	626.86
1050	626.85
1051	626.86
1052	626.83
1053	626.8
1054	626.73
1055	626.73
1056	626.73
1057	626.8
1058	626.86
1059	626.84
1060	626.85
1061	626.86
1062	626.84
1063	626.86
1064	626.86
1065	626.86
1066	626.86
1067	626.86
1068	626.86
1069	626.87
1070	626.74
1071	626.75
1072	626.81
1073	626.74
1074	626.74
1075	626.81
1076	626.74
1077	626.73
1078	626.86
1079	626.87
1080	626.87
1081	626.87
1082	626.87
1083	626.87
1084	626.88
