Node Number	Temperature (蚓)
1	474.96
2	474.51
3	474.51
4	474.52
5	474.53
6	474.49
7	474.51
8	474.51
9	474.5
10	474.53
11	474.49
12	474.51
13	474.51
14	474.51
15	474.48
16	474.47
17	474.49
18	474.48
19	474.47
20	474.46
21	474.47
22	474.48
23	474.48
24	474.49
25	474.47
26	474.48
27	474.48
28	474.51
29	474.53
30	474.53
31	474.53
32	474.52
33	474.52
34	474.52
35	475.
36	474.57
37	474.58
38	474.59
39	474.49
40	474.49
41	474.47
42	474.49
43	475.
44	474.47
45	474.48
46	474.49
47	474.46
48	474.47
49	474.48
50	474.48
51	474.49
52	474.48
53	474.51
54	474.51
55	474.5
56	474.5
57	474.49
58	474.47
59	474.49
60	474.46
61	474.48
62	474.47
63	474.47
64	474.49
65	474.46
66	474.48
67	474.49
68	474.51
69	474.51
70	474.5
71	474.49
72	475.
73	474.96
74	475.
75	475.
76	474.96
77	475.
78	474.51
79	474.51
80	474.53
81	474.49
82	474.5
83	474.52
84	474.51
85	474.5
86	474.52
87	474.52
88	474.51
89	474.52
90	474.52
91	474.51
92	474.53
93	474.53
94	474.52
95	474.51
96	475.
97	475.
98	475.
99	475.
100	474.5
101	474.51
102	474.52
103	474.53
104	474.5
105	475.
106	475.
107	475.
108	474.77
109	474.77
110	474.76
111	474.52
112	474.55
113	474.54
114	474.73
115	474.73
116	474.74
117	474.51
118	474.52
119	475.
120	475.
121	475.
122	475.
123	475.
124	475.
125	475.
126	475.
127	475.
128	474.77
129	474.77
130	474.53
131	474.53
132	474.54
133	474.73
134	474.72
135	474.76
136	474.51
137	474.52
138	474.78
139	474.52
140	474.8
141	475.
142	475.
143	475.
144	475.
145	474.96
146	474.51
147	474.51
148	474.52
149	474.53
150	474.49
151	474.51
152	474.51
153	474.51
154	474.53
155	474.49
156	474.51
157	474.51
158	474.51
159	474.51
160	474.52
161	474.5
162	474.52
163	474.51
164	474.51
165	474.52
166	474.51
167	474.51
168	474.53
169	474.53
170	474.53
171	474.52
172	474.52
173	474.52
174	475.
175	475.
176	474.52
177	474.97
178	474.5
179	474.59
180	474.58
181	474.57
182	474.57
183	474.51
184	474.5
185	474.51
186	474.53
187	474.56
188	474.51
189	474.51
190	474.52
191	474.51
192	474.52
193	474.5
194	474.52
195	474.5
196	474.51
197	474.53
198	474.51
199	474.51
200	474.53
201	474.53
202	474.53
203	474.52
204	474.52
205	474.52
206	475.
207	475.
208	474.58
209	474.97
210	474.51
211	474.58
212	474.58
213	474.53
214	474.58
215	474.51
216	474.51
217	474.51
218	474.53
219	474.56
220	474.51
221	474.51
222	474.52
223	474.51
224	474.5
225	474.5
226	474.53
227	474.51
228	474.51
229	474.53
230	474.52
231	474.51
232	474.53
233	474.53
234	474.53
235	475.
236	474.53
237	474.53
238	474.53
239	474.59
240	475.
241	474.96
242	474.51
243	474.53
244	474.54
245	474.56
246	474.49
247	474.51
248	474.5
249	474.51
250	474.53
251	474.49
252	474.5
253	474.52
254	474.51
255	474.51
256	474.52
257	474.52
258	474.52
259	474.5
260	474.51
261	474.52
262	474.51
263	474.5
264	474.53
265	474.53
266	474.53
267	474.52
268	474.52
269	474.52
270	475.
271	474.52
272	474.96
273	474.51
274	474.51
275	474.52
276	474.53
277	474.49
278	474.51
279	474.51
280	474.5
281	474.53
282	474.49
283	474.5
284	474.51
285	474.51
286	474.51
287	474.5
288	474.51
289	474.52
290	474.5
291	474.51
292	474.53
293	474.52
294	474.51
295	474.53
296	474.53
297	474.53
298	475.
299	474.52
300	474.52
301	474.52
302	474.52
303	475.
304	475.
305	475.
306	475.
307	475.
308	475.
309	475.
310	475.
311	475.
312	475.
313	474.77
314	474.76
315	474.53
316	474.76
317	474.76
318	474.54
319	474.54
320	474.76
321	474.52
322	474.54
323	474.73
324	474.74
325	474.75
326	474.74
327	474.54
328	474.53
329	474.76
330	474.77
331	474.51
332	475.
333	475.
334	474.56
335	474.77
336	474.5
337	474.57
338	474.54
339	474.5
340	474.5
341	474.53
342	474.52
343	474.54
344	475.
345	475.
346	475.
347	475.
348	474.76
349	474.76
350	474.51
351	474.51
352	475.
353	475.
354	475.
355	475.
356	474.5
357	474.52
358	474.51
359	474.52
360	474.53
361	474.52
362	475.
363	475.
364	475.
365	475.
366	474.74
367	474.76
368	474.76
369	474.51
370	474.51
371	475.
372	475.
373	474.75
374	475.
375	475.
376	474.5
377	474.53
378	474.52
379	474.51
380	474.52
381	474.53
382	474.53
383	474.54
384	474.54
385	475.
386	475.
387	475.
388	475.
389	475.
390	475.
391	475.
392	475.
393	475.
394	475.
395	475.
396	475.
397	474.78
398	475.
399	475.
400	474.55
401	474.78
402	474.78
403	474.55
404	474.79
405	474.75
406	474.54
407	474.51
408	474.53
409	474.52
410	474.52
411	474.52
412	474.52
413	475.
414	475.
415	475.
416	475.
417	475.
418	475.
419	475.
420	475.
421	475.
422	474.51
423	474.52
424	474.53
425	474.53
426	474.51
427	474.53
428	474.53
429	475.
430	475.
431	475.
432	475.
433	475.
434	475.
435	475.
436	475.
437	475.
438	475.
439	474.51
440	474.52
441	474.53
442	474.5
443	474.52
444	475.
445	475.
446	475.
447	475.
448	475.
449	474.5
450	474.51
451	474.53
452	474.53
453	475.
454	475.
455	475.
456	475.
457	475.
458	474.51
459	474.52
460	474.53
461	475.
462	475.
463	475.
464	474.51
465	475.
466	475.
467	475.
468	475.
469	475.
470	475.
471	475.
472	475.
473	475.
474	475.
475	475.
476	475.
477	475.
478	474.53
479	474.5
480	475.
481	475.
482	475.
483	474.48
484	474.65
485	474.51
486	474.53
487	474.53
488	474.51
489	474.49
490	474.5
491	474.46
492	474.49
493	475.
494	475.
495	475.
496	475.
497	475.
498	475.
499	475.
500	474.52
501	474.47
502	474.49
503	475.
504	475.
505	474.49
506	474.51
507	474.48
508	474.5
509	474.46
510	474.48
511	475.
512	475.
513	475.
514	475.
515	475.
516	475.
517	475.
518	475.
519	475.
520	475.
521	475.
522	474.5
523	474.65
524	474.52
525	474.47
526	475.
527	475.
528	475.
529	474.51
530	474.51
531	474.52
532	474.52
533	474.47
534	474.48
535	474.47
536	475.
537	475.
538	475.
539	475.
540	475.
541	475.
542	475.
543	475.
544	475.
545	475.
546	474.51
547	474.53
548	474.51
549	474.52
550	474.53
551	474.53
552	474.52
553	474.52
554	474.48
555	474.49
556	474.49
557	475.
558	475.
559	475.
560	475.
561	475.
562	474.51
563	474.53
564	474.76
565	474.52
566	474.53
567	474.54
568	474.47
569	474.49
570	475.
571	475.
572	475.
573	475.
574	475.
575	475.
576	475.
577	475.
578	475.
579	474.52
580	474.53
581	474.49
582	474.5
583	475.
584	475.
585	475.
586	475.
587	475.
588	474.51
589	474.51
590	474.49
591	474.47
592	474.48
593	475.
594	475.
595	475.
596	475.
597	475.
598	474.49
599	474.49
600	474.49
601	474.5
602	475.
603	474.51
604	474.5
605	474.51
606	474.49
607	474.51
608	475.
609	474.53
610	474.51
611	474.51
612	474.52
613	474.52
614	474.53
615	474.53
616	474.53
617	475.
618	475.
619	474.52
620	474.52
621	474.52
622	475.
623	475.
624	475.
625	475.
626	475.
627	475.
628	475.
629	475.
630	475.
631	474.5
632	475.
633	475.
634	475.
635	474.46
636	474.49
637	475.
638	475.
639	475.
640	475.
641	475.
642	475.
643	475.
644	475.
645	475.
646	475.
647	474.46
648	474.48
649	475.
650	475.
651	475.
652	475.
653	475.
654	475.
655	475.
656	475.
657	475.
658	475.
659	474.47
660	475.
661	475.
662	475.
663	474.47
664	474.49
665	474.48
666	474.48
667	475.
668	475.
669	475.
670	475.
671	475.
672	475.
673	475.
674	475.
675	475.
676	475.
677	474.47
678	474.51
679	474.5
680	474.47
681	475.
682	475.
683	475.
684	475.
685	475.
686	475.
687	475.
688	475.
689	475.
690	475.
691	475.
692	475.
693	475.
694	475.
695	474.51
696	474.51
697	475.
698	475.
699	475.
700	475.
701	475.
702	475.
703	475.
704	475.
705	475.
706	474.53
707	474.51
708	474.53
709	474.49
710	474.52
711	474.52
712	474.53
713	474.53
714	474.52
715	474.53
716	474.53
717	474.53
718	474.49
719	474.48
720	474.53
721	474.53
722	475.
723	475.
724	475.
725	475.
726	475.
727	475.
728	475.
729	475.
730	475.
731	474.53
732	474.56
733	475.
734	475.
735	475.
736	474.45
737	474.5
738	474.53
739	474.59
740	474.61
741	474.59
742	474.54
743	474.56
744	475.
745	475.
746	475.
747	475.
748	475.
749	475.
750	475.
751	474.47
752	474.49
753	474.51
754	474.57
755	474.56
756	475.
757	475.
758	474.47
759	474.48
760	474.48
761	474.57
762	474.57
763	474.53
764	474.55
765	475.
766	475.
767	475.
768	475.
769	475.
770	475.
771	475.
772	475.
773	475.
774	475.
775	475.
776	474.46
777	474.47
778	474.48
779	474.5
780	474.56
781	475.
782	475.
783	474.47
784	474.48
785	474.47
786	474.48
787	474.53
788	474.53
789	474.54
790	475.
791	475.
792	475.
793	475.
794	475.
795	474.51
796	474.5
797	474.48
798	474.48
799	474.48
800	474.49
801	474.48
802	474.49
803	474.48
804	474.56
805	474.56
806	474.55
807	475.
808	475.
809	475.
810	475.
811	475.
812	475.
813	475.
814	475.
815	474.96
816	474.49
817	474.51
818	474.49
819	474.48
820	474.49
821	474.52
822	474.53
823	475.
824	475.
825	475.
826	475.
827	475.
828	475.
829	475.
830	475.
831	475.
832	474.5
833	474.52
834	474.55
835	474.55
836	475.
837	475.
838	475.
839	475.
840	475.
841	474.53
842	474.52
843	474.55
844	474.53
845	474.53
846	475.
847	475.
848	475.
849	475.
850	475.
851	475.
852	474.55
853	474.55
854	474.55
855	475.
856	475.
857	474.55
858	474.59
859	474.57
860	474.6
861	475.
862	474.56
863	474.6
864	474.5
865	474.48
866	474.5
867	474.47
868	474.48
869	474.47
870	474.48
871	474.46
872	474.47
873	474.48
874	474.45
875	474.49
876	474.5
877	475.
878	474.52
879	474.51
880	474.52
881	474.52
882	474.52
883	474.53
884	474.53
885	474.53
886	474.52
887	475.
888	475.
889	474.53
890	474.52
891	475.
892	475.
893	475.
894	475.
895	475.
896	475.
897	475.
898	475.
899	475.
900	474.55
901	475.
902	475.
903	475.
904	474.53
905	474.57
906	475.
907	475.
908	475.
909	475.
910	475.
911	475.
912	475.
913	475.
914	475.
915	475.
916	474.53
917	474.55
918	475.
919	475.
920	475.
921	475.
922	475.
923	475.
924	475.
925	475.
926	475.
927	475.
928	474.53
929	475.
930	475.
931	475.
932	474.52
933	474.53
934	474.54
935	474.55
936	475.
937	475.
938	475.
939	475.
940	475.
941	475.
942	475.
943	475.
944	475.
945	475.
946	474.53
947	474.57
948	474.58
949	474.53
950	475.
951	475.
952	475.
953	475.
954	475.
955	475.
956	475.
957	475.
958	475.
959	475.
960	475.
961	475.
962	475.
963	475.
964	475.
965	475.
966	474.51
967	474.51
968	475.
969	475.
970	475.
971	475.
972	475.
973	475.
974	475.
975	474.53
976	474.51
977	474.56
978	474.52
979	474.52
980	474.52
981	474.53
982	474.53
983	474.53
984	475.
985	475.
986	474.52
987	474.52
988	474.54
989	474.52
990	475.
991	475.
992	475.
993	475.
994	475.
995	475.
996	475.
997	475.
998	475.
999	474.56
1000	475.
1001	475.
1002	475.
1003	474.53
1004	474.57
1005	474.6
1006	475.
1007	475.
1008	475.
1009	475.
1010	475.
1011	475.
1012	475.
1013	474.56
1014	474.58
1015	474.59
1016	475.
1017	475.
1018	475.
1019	474.52
1020	474.54
1021	475.
1022	475.
1023	475.
1024	475.
1025	475.
1026	475.
1027	475.
1028	475.
1029	475.
1030	475.
1031	474.52
1032	474.54
1033	474.55
1034	474.57
1035	475.
1036	475.
1037	475.
1038	474.52
1039	474.53
1040	474.53
1041	474.54
1042	475.
1043	475.
1044	475.
1045	475.
1046	475.
1047	475.
1048	475.
1049	475.
1050	475.
1051	475.
1052	474.52
1053	474.56
1054	474.58
1055	474.53
1056	474.55
1057	474.56
1058	474.55
1059	475.
1060	475.
1061	475.
1062	475.
1063	474.59
1064	474.55
1065	474.59
1066	474.55
1067	474.55
1068	474.56
1069	474.55
1070	474.55
1071	475.
1072	475.
1073	475.
1074	475.
1075	475.
1076	475.
1077	474.55
1078	475.
1079	475.
1080	475.
1081	475.
1082	475.
1083	474.51
1084	474.51
1085	475.
1086	475.
1087	475.
1088	475.
1089	475.
1090	475.
1091	474.56
1092	474.52
1093	474.57
1094	474.53
1095	474.53
1096	474.53
1097	474.53
1098	474.52
1099	474.53
1100	474.54
1101	474.53
1102	474.55
1103	474.57
1104	474.57
1105	475.
1106	474.53
1107	474.52
1108	474.49
1109	474.52
1110	474.51
1111	474.52
1112	474.52
1113	474.5
1114	474.5
1115	474.52
1116	474.51
1117	474.53
1118	474.53
1119	474.53
1120	474.51
1121	475.
1122	475.
1123	474.52
1124	474.52
1125	474.5
1126	474.52
1127	475.
1128	475.
1129	475.
1130	475.
1131	475.
1132	475.
1133	475.
1134	475.
1135	475.
1136	474.5
1137	474.5
1138	475.
1139	475.
1140	475.
1141	474.46
1142	474.49
1143	474.51
1144	474.49
1145	474.51
1146	474.51
1147	474.46
1148	474.49
1149	475.
1150	475.
1151	475.
1152	475.
1153	475.
1154	475.
1155	475.
1156	474.47
1157	474.48
1158	474.5
1159	474.47
1160	474.49
1161	475.
1162	475.
1163	475.
1164	474.46
1165	474.48
1166	474.48
1167	474.48
1168	474.49
1169	474.48
1170	475.
1171	475.
1172	475.
1173	475.
1174	475.
1175	475.
1176	475.
1177	475.
1178	475.
1179	475.
1180	474.46
1181	474.47
1182	474.48
1183	474.5
1184	475.
1185	475.
1186	475.
1187	474.47
1188	474.48
1189	474.48
1190	474.48
1191	475.
1192	475.
1193	475.
1194	475.
1195	475.
1196	475.
1197	475.
1198	475.
1199	475.
1200	475.
1201	474.47
1202	474.51
1203	474.5
1204	474.48
1205	474.48
1206	474.49
1207	474.49
1208	474.52
1209	475.
1210	475.
1211	475.
1212	475.
1213	474.51
1214	474.49
1215	474.51
1216	474.49
1217	474.48
1218	474.5
1219	474.48
1220	474.49
1221	475.
1222	475.
1223	475.
1224	475.
1225	475.
1226	475.
1227	474.49
1228	474.52
1229	475.
1230	475.
1231	475.
1232	475.
1233	475.
1234	474.51
1235	474.51
1236	474.49
1237	474.48
1238	475.
1239	475.
1240	475.
1241	475.
1242	475.
1243	475.
1244	474.52
1245	474.51
1246	474.49
1247	474.53
1248	475.
1249	474.58
1250	474.53
1251	474.6
1252	474.5
1253	474.47
1254	474.51
1255	474.47
1256	474.48
1257	474.47
1258	474.48
1259	474.46
1260	474.48
1261	474.47
1262	474.45
1263	474.48
1264	474.5
1265	474.49
1266	475.
1267	475.
1268	474.5
1269	475.
1270	475.
1271	475.
1272	475.
1273	475.
1274	475.
1275	475.
1276	474.52
1277	474.5
1278	474.52
1279	474.52
1280	475.
1281	475.
1282	475.
1283	475.
1284	475.
1285	474.49
1286	474.46
1287	474.49
1288	474.51
1289	474.5
1290	474.5
1291	474.52
1292	474.61
1293	474.53
1294	475.
1295	475.
1296	475.
1297	475.
1298	475.
1299	474.48
1300	474.51
1301	474.46
1302	474.51
1303	475.
1304	475.
1305	475.
1306	475.
1307	474.49
1308	474.46
1309	474.48
1310	474.49
1311	474.53
1312	474.49
1313	475.
1314	475.
1315	475.
1316	475.
1317	475.
1318	475.
1319	475.
1320	475.
1321	475.
1322	474.47
1323	474.48
1324	474.49
1325	474.47
1326	474.52
1327	474.61
1328	475.
1329	475.
1330	475.
1331	475.
1332	475.
1333	474.47
1334	474.48
1335	474.48
1336	474.47
1337	474.5
1338	474.49
1339	474.51
1340	475.
1341	475.
1342	475.
1343	475.
1344	475.
1345	475.
1346	475.
1347	475.
1348	475.
1349	475.
1350	475.
1351	474.47
1352	474.52
1353	474.51
1354	474.5
1355	474.48
1356	474.49
1357	474.49
1358	474.48
1359	474.53
1360	475.
1361	475.
1362	475.
1363	475.
1364	475.
1365	475.
1366	474.51
1367	474.49
1368	474.51
1369	474.48
1370	474.48
1371	474.49
1372	474.5
1373	474.49
1374	474.51
1375	474.52
1376	475.
1377	475.
1378	475.
1379	475.
1380	475.
1381	474.49
1382	474.53
1383	475.
1384	475.
1385	475.
1386	475.
1387	474.51
1388	474.51
1389	474.53
1390	474.53
1391	474.51
1392	474.52
1393	475.
1394	475.
1395	475.
1396	475.
1397	475.
1398	474.51
1399	474.52
1400	474.53
1401	475.
1402	474.52
1403	474.53
1404	474.53
1405	474.76
1406	474.53
1407	474.52
1408	475.
1409	475.
1410	474.51
1411	475.
1412	475.
1413	475.
1414	475.
1415	474.51
1416	474.52
1417	474.51
1418	475.
1419	475.
1420	475.
1421	474.52
1422	474.52
1423	475.
1424	475.
1425	475.
1426	475.
1427	475.
1428	475.
1429	474.53
1430	474.51
1431	474.5
1432	474.53
1433	474.53
1434	474.51
1435	474.52
1436	475.
1437	475.
1438	475.
1439	475.
1440	475.
1441	475.
1442	475.
1443	474.52
1444	474.51
1445	474.51
1446	474.52
1447	474.52
1448	475.
1449	475.
1450	475.
1451	475.
1452	475.
1453	475.
1454	475.
1455	474.51
1456	474.5
1457	474.5
1458	474.52
1459	475.
1460	475.
1461	475.
1462	475.
1463	475.
1464	475.
1465	475.
1466	475.
1467	475.
1468	475.
1469	475.
1470	475.
1471	475.
1472	475.
1473	475.
1474	475.
1475	475.
1476	475.
1477	475.
1478	474.49
1479	474.51
1480	474.52
1481	474.51
1482	474.48
1483	475.
1484	475.
1485	475.
1486	475.
1487	475.
1488	475.
1489	475.
1490	475.
1491	475.
1492	475.
1493	474.53
1494	474.49
1495	475.
1496	475.
1497	475.
1498	474.51
1499	474.51
1500	475.
1501	475.
1502	475.
1503	475.
1504	475.
1505	475.
1506	475.
1507	474.51
1508	474.52
1509	474.53
1510	474.53
1511	474.53
1512	474.52
1513	474.52
1514	474.52
1515	474.52
1516	474.53
1517	474.51
1518	474.53
1519	474.5
1520	474.45
1521	474.5
1522	474.46
1523	474.48
1524	474.48
1525	474.48
1526	474.47
1527	474.47
1528	474.48
1529	474.48
1530	474.48
1531	474.5
1532	474.5
1533	475.
1534	474.51
1535	474.5
1536	474.51
1537	474.53
1538	474.51
1539	474.53
1540	474.52
1541	474.51
1542	474.52
1543	474.5
1544	474.52
1545	474.51
1546	474.52
1547	474.51
1548	474.53
1549	474.53
1550	474.51
1551	474.53
1552	474.5
1553	475.
1554	474.52
1555	475.
1556	474.52
1557	474.52
1558	474.48
1559	475.
1560	475.
1561	474.5
1562	474.5
1563	474.47
1564	474.48
1565	474.46
1566	474.48
1567	474.45
1568	474.47
1569	474.48
1570	474.46
1571	474.48
1572	474.5
1573	474.49
1574	474.56
1575	474.51
1576	474.5
1577	474.58
1578	475.
1579	474.52
1580	474.51
1581	474.47
1582	474.48
1583	475.
1584	475.
1585	475.
1586	474.52
1587	474.52
1588	475.
1589	475.
1590	475.
1591	475.
1592	475.
1593	475.
1594	474.53
1595	474.47
1596	474.48
1597	475.
1598	475.
1599	475.
1600	475.
1601	474.53
1602	474.53
1603	474.52
1604	475.
1605	475.
1606	475.
1607	475.
1608	475.
1609	475.
1610	474.46
1611	474.47
1612	474.47
1613	475.
1614	475.
1615	475.
1616	475.
1617	474.52
1618	474.46
1619	474.48
1620	475.
1621	475.
1622	475.
1623	475.
1624	475.
1625	474.53
1626	474.53
1627	475.
1628	475.
1629	475.
1630	475.
1631	475.
1632	475.
1633	475.
1634	474.52
1635	474.5
1636	474.49
1637	475.
1638	475.
1639	475.
1640	474.51
1641	475.
1642	475.
1643	475.
1644	474.51
1645	474.51
1646	474.53
1647	475.
1648	475.
1649	474.49
1650	474.55
1651	474.54
1652	474.52
1653	474.48
1654	474.49
1655	474.48
1656	474.49
1657	474.48
1658	474.5
1659	474.57
1660	474.5
1661	474.5
1662	474.5
1663	474.5
1664	474.56
1665	474.51
1666	474.57
1667	474.56
1668	474.53
1669	474.47
1670	474.5
1671	474.48
1672	474.47
1673	474.53
1674	474.47
1675	474.47
1676	474.47
1677	474.5
1678	474.48
1679	474.49
1680	474.48
1681	474.49
1682	474.48
1683	474.49
1684	474.48
1685	474.57
1686	474.56
1687	474.49
1688	474.49
1689	474.48
1690	474.53
1691	474.47
1692	474.47
1693	474.48
1694	474.49
1695	474.47
1696	474.53
1697	474.54
1698	474.47
1699	474.47
1700	474.47
1701	474.47
1702	474.53
1703	474.48
1704	474.47
1705	474.46
1706	474.47
1707	474.47
1708	474.53
1709	474.47
1710	474.53
1711	474.57
1712	474.54
1713	474.47
1714	474.47
1715	474.48
1716	474.47
1717	474.48
1718	474.47
1719	474.56
1720	474.53
1721	474.48
1722	474.47
1723	474.48
1724	474.47
1725	474.48
1726	474.47
1727	474.48
1728	474.47
1729	474.48
1730	474.47
1731	474.48
1732	474.47
1733	474.48
1734	474.48
1735	474.56
1736	474.53
1737	474.48
1738	474.47
1739	474.48
1740	474.48
1741	474.57
1742	474.54
1743	475.
1744	475.
1745	475.
1746	475.
1747	475.
1748	475.
1749	475.
1750	475.
1751	474.71
1752	474.73
1753	474.7
1754	474.54
1755	474.56
1756	474.47
1757	474.47
1758	474.47
1759	474.47
1760	474.55
1761	474.56
1762	474.47
1763	474.47
1764	474.47
1765	474.47
1766	474.48
1767	474.47
1768	474.48
1769	474.75
1770	474.72
1771	474.77
1772	474.7
1773	474.73
1774	474.74
1775	474.75
1776	474.51
1777	474.56
1778	474.49
1779	474.48
1780	474.49
1781	474.55
1782	474.49
1783	474.48
1784	474.6
1785	474.74
1786	474.76
1787	474.54
1788	474.48
1789	474.47
1790	474.48
1791	474.48
1792	474.48
1793	474.47
1794	474.48
1795	474.47
1796	474.48
1797	474.53
1798	474.56
1799	474.47
1800	474.48
1801	474.54
1802	474.55
1803	474.47
1804	474.48
1805	474.49
1806	474.48
1807	474.49
1808	474.49
1809	474.59
1810	474.56
1811	474.49
1812	474.48
1813	474.49
1814	474.48
1815	474.58
1816	474.55
1817	474.49
1818	474.48
1819	474.49
1820	474.48
1821	474.48
1822	474.56
1823	474.48
1824	474.47
1825	474.48
1826	474.48
1827	474.48
1828	474.49
1829	474.48
1830	474.57
1831	474.48
1832	474.47
1833	474.49
1834	474.48
1835	474.48
1836	474.47
1837	474.49
1838	474.48
1839	474.56
1840	474.53
1841	474.59
1842	474.55
1843	474.48
1844	474.47
1845	474.49
1846	474.48
1847	474.48
1848	474.47
1849	474.49
1850	474.49
1851	474.48
1852	474.46
1853	474.49
1854	474.49
1855	474.47
1856	474.47
1857	474.56
1858	474.55
1859	474.59
1860	474.55
1861	474.51
1862	474.49
1863	474.57
1864	474.58
1865	474.5
1866	474.5
1867	474.5
1868	474.5
1869	474.49
1870	474.49
1871	474.5
1872	474.49
1873	474.58
1874	474.58
1875	474.49
1876	474.5
1877	475.
1878	475.
1879	475.
1880	475.
1881	475.
1882	475.
1883	474.77
1884	475.
1885	475.
1886	474.78
1887	475.
1888	475.
1889	475.
1890	475.
1891	475.
1892	475.
1893	474.54
1894	474.53
1895	474.52
1896	474.52
1897	474.54
1898	474.54
1899	474.55
1900	474.52
1901	474.67
1902	474.51
1903	474.51
1904	474.74
1905	474.7
1906	474.54
1907	474.78
1908	474.5
1909	474.51
1910	474.49
1911	474.5
1912	474.64
1913	474.52
1914	474.52
1915	474.52
1916	474.67
1917	475.
1918	475.
1919	474.53
1920	474.54
1921	474.54
1922	474.53
1923	474.53
1924	474.52
1925	474.53
1926	474.53
1927	475.
1928	475.
1929	475.
1930	475.
1931	475.
1932	475.
1933	475.
1934	475.
1935	475.
1936	475.
1937	475.
1938	475.
1939	475.
1940	475.
1941	475.
1942	475.
1943	474.53
1944	474.52
1945	474.52
1946	474.51
1947	474.51
1948	474.53
1949	474.52
1950	474.52
1951	474.52
1952	474.51
1953	474.52
1954	474.52
1955	474.51
1956	474.51
1957	474.52
1958	474.52
1959	474.51
1960	474.52
1961	474.53
1962	474.52
1963	474.52
1964	474.51
1965	474.51
1966	474.52
1967	474.52
1968	474.51
1969	474.52
1970	474.53
1971	474.52
1972	474.52
1973	474.51
1974	474.51
1975	474.52
1976	474.51
1977	474.52
1978	474.51
1979	474.53
1980	474.52
1981	474.52
1982	474.5
1983	474.51
1984	474.52
1985	474.52
1986	474.52
1987	474.52
1988	474.53
1989	474.52
1990	474.52
1991	474.51
1992	474.51
1993	474.52
1994	474.51
1995	474.51
1996	474.49
1997	474.53
1998	474.52
1999	474.51
2000	474.52
2001	474.51
2002	474.52
2003	474.5
2004	474.53
2005	475.
2006	475.
2007	475.
2008	475.
2009	474.52
2010	474.52
2011	474.52
2012	475.
2013	475.
2014	475.
2015	474.53
2016	474.51
2017	474.52
2018	474.53
2019	475.
2020	475.
2021	475.
2022	474.51
2023	474.53
2024	474.51
2025	474.51
2026	475.
2027	475.
2028	475.
2029	474.5
2030	474.51
2031	474.53
2032	475.
2033	474.52
2034	475.
2035	475.
2036	475.
2037	475.
2038	475.
2039	475.
2040	474.62
2041	475.
2042	475.
2043	475.
2044	474.52
2045	475.
2046	475.
2047	474.53
2048	474.64
2049	474.54
2050	474.53
2051	475.
2052	475.
2053	475.
2054	475.
2055	474.52
2056	474.52
2057	475.
2058	475.
2059	474.53
2060	474.76
2061	474.5
2062	474.52
2063	475.
2064	475.
2065	475.
2066	475.
2067	474.54
2068	474.52
2069	475.
2070	475.
2071	475.
2072	475.
2073	475.
2074	475.
2075	475.
2076	475.
2077	475.
2078	475.
2079	475.
2080	475.
2081	475.
2082	475.
2083	474.5
2084	474.52
2085	475.
2086	475.
2087	475.
2088	474.53
2089	474.53
2090	475.
2091	475.
2092	475.
2093	475.
2094	475.
2095	475.
2096	475.
2097	475.
2098	475.
2099	475.
2100	475.
2101	475.
2102	474.52
2103	475.
2104	474.5
2105	474.53
2106	475.
2107	475.
2108	475.
2109	474.54
2110	474.52
2111	475.
2112	475.
2113	475.
2114	475.
2115	475.
2116	475.
2117	475.
2118	475.
2119	475.
2120	475.
2121	475.
2122	475.
2123	475.
2124	475.
2125	474.5
2126	474.52
2127	475.
2128	475.
2129	475.
2130	474.53
2131	474.52
2132	475.
2133	475.
2134	475.
2135	475.
2136	475.
2137	475.
2138	475.
2139	475.
2140	475.
2141	475.
2142	475.
2143	475.
2144	475.
2145	475.
2146	474.5
2147	474.52
2148	475.
2149	475.
2150	475.
2151	474.52
2152	474.51
2153	474.51
2154	474.52
2155	474.52
2156	474.54
2157	474.51
2158	474.52
2159	474.52
2160	475.
2161	475.
2162	475.
2163	475.
2164	475.
2165	475.
2166	475.
2167	475.
2168	475.
2169	475.
2170	475.
2171	475.
2172	475.
2173	474.5
2174	474.52
2175	475.
2176	475.
2177	475.
2178	475.
2179	475.
2180	475.
2181	475.
2182	475.
2183	474.52
2184	475.
2185	475.
2186	475.
2187	475.
2188	474.52
2189	475.
2190	475.
2191	475.
2192	475.
2193	474.53
2194	475.
2195	474.5
2196	474.52
2197	474.53
2198	475.
2199	475.
2200	475.
2201	475.
2202	475.
2203	474.52
2204	474.52
2205	474.53
2206	474.53
2207	475.
2208	475.
2209	474.76
2210	474.52
2211	474.88
2212	474.52
2213	475.
2214	475.
2215	475.
2216	474.52
2217	474.5
2218	474.52
2219	475.
2220	474.52
2221	475.
2222	474.52
2223	474.52
2224	474.53
2225	475.
2226	475.
2227	475.
2228	474.52
2229	474.52
2230	475.
2231	475.
2232	474.52
2233	474.51
2234	474.51
2235	475.
2236	475.
2237	475.
2238	475.
2239	475.
2240	475.
2241	474.53
2242	474.52
2243	474.52
2244	474.51
2245	474.52
2246	474.51
2247	474.54
2248	474.52
2249	474.52
2250	474.52
2251	474.5
2252	474.52
2253	475.
2254	475.
2255	475.
2256	474.52
2257	475.
2258	475.
2259	475.
2260	475.
2261	475.
2262	474.53
2263	475.
2264	475.
2265	475.
2266	475.
2267	475.
2268	475.
2269	475.
2270	475.
2271	475.
2272	474.54
2273	474.52
2274	474.52
2275	474.53
2276	474.53
2277	474.53
2278	474.53
2279	474.53
2280	474.53
2281	474.53
2282	474.53
2283	474.53
2284	474.53
2285	474.53
2286	474.53
2287	474.53
2288	474.53
2289	474.53
2290	474.53
2291	474.53
2292	474.53
2293	474.53
2294	474.53
2295	474.53
2296	475.
2297	474.53
2298	474.53
2299	474.53
2300	474.53
2301	474.53
2302	474.53
2303	474.53
2304	474.53
2305	474.53
2306	474.53
2307	474.53
2308	474.53
2309	474.53
2310	474.53
2311	474.53
2312	474.53
2313	474.53
2314	474.53
2315	474.53
2316	474.53
2317	474.53
2318	474.53
2319	474.53
2320	474.53
2321	475.
2322	474.53
2323	474.53
2324	474.53
2325	475.
2326	474.53
2327	474.53
2328	474.53
2329	475.
2330	474.53
2331	474.52
2332	474.65
2333	474.69
2334	474.53
2335	474.53
2336	474.53
2337	474.53
2338	474.53
2339	474.53
2340	474.53
2341	474.53
2342	474.53
2343	474.53
2344	474.52
2345	474.53
2346	474.53
2347	474.53
2348	474.53
2349	474.53
2350	474.53
2351	474.53
2352	474.53
2353	474.54
2354	474.53
2355	474.53
2356	474.57
2357	474.53
2358	474.53
2359	474.53
2360	474.53
2361	474.53
2362	474.53
2363	474.53
2364	474.52
2365	474.53
2366	474.53
2367	474.53
2368	475.
2369	475.
2370	474.52
2371	474.53
2372	474.52
2373	474.51
2374	474.52
2375	474.52
2376	474.53
2377	474.52
2378	474.51
2379	474.53
2380	474.52
2381	474.53
2382	474.52
2383	474.53
2384	475.
2385	475.
2386	474.52
2387	474.52
2388	474.52
2389	474.55
2390	474.53
2391	474.53
2392	474.52
2393	474.54
2394	474.53
2395	474.53
2396	474.53
2397	474.53
2398	474.53
2399	474.53
2400	474.53
2401	475.
2402	474.53
2403	474.53
2404	474.53
2405	474.53
2406	474.53
2407	474.53
2408	474.53
2409	474.52
2410	474.53
2411	474.52
2412	474.53
2413	474.53
2414	474.53
2415	474.53
2416	474.53
2417	474.53
2418	474.53
2419	474.53
2420	474.52
2421	474.53
2422	474.52
2423	474.52
2424	474.53
2425	474.54
2426	474.53
2427	474.54
2428	474.53
2429	474.53
2430	474.53
2431	475.
2432	474.53
2433	474.54
2434	474.53
2435	474.54
2436	474.54
2437	474.54
2438	474.54
2439	474.54
2440	475.
2441	474.53
2442	474.52
2443	475.
2444	475.
2445	475.
2446	475.
2447	475.
2448	475.
2449	475.
2450	475.
2451	475.
2452	475.
2453	475.
2454	475.
2455	474.54
2456	474.53
2457	474.53
2458	474.54
2459	474.53
2460	474.52
2461	474.53
2462	475.
2463	474.53
2464	475.
2465	475.
2466	475.
2467	475.
2468	475.
2469	475.
2470	475.
2471	475.
2472	474.52
2473	475.
2474	475.
2475	474.49
2476	474.54
2477	474.52
2478	474.52
2479	474.54
2480	474.53
2481	474.51
2482	474.53
2483	474.51
2484	474.53
2485	474.52
2486	474.52
2487	474.53
2488	474.52
2489	474.53
2490	474.52
2491	474.52
2492	474.53
2493	474.52
2494	475.
2495	474.52
2496	474.51
2497	474.51
2498	474.53
2499	474.51
2500	474.52
2501	474.49
2502	474.53
2503	475.
2504	474.5
2505	474.53
2506	474.53
2507	474.53
2508	474.53
2509	474.53
2510	474.53
2511	474.56
2512	474.55
2513	474.52
2514	474.54
2515	474.52
2516	474.53
2517	474.52
2518	474.51
2519	474.52
2520	474.51
2521	474.51
2522	474.53
2523	474.51
2524	475.
2525	474.53
2526	474.52
2527	475.
2528	474.85
2529	474.48
2530	474.48
2531	474.58
2532	474.48
2533	474.48
2534	474.48
2535	474.56
2536	474.46
2537	474.5
2538	474.51
2539	474.5
2540	474.5
2541	474.5
2542	474.52
2543	474.48
2544	474.48
2545	474.56
2546	474.48
2547	474.48
2548	474.56
2549	475.
2550	475.
2551	474.62
2552	474.88
2553	475.
2554	475.
2555	474.63
2556	474.6
2557	475.
2558	475.
2559	475.
2560	475.
2561	475.
2562	475.
2563	475.
2564	475.
2565	475.
2566	475.
2567	475.
2568	475.
2569	475.
2570	475.
2571	475.
2572	475.
2573	475.
2574	475.
2575	475.
2576	475.
2577	475.
2578	475.
2579	475.
2580	475.
2581	475.
2582	475.
2583	475.
2584	475.
2585	475.
2586	475.
2587	474.52
2588	474.53
2589	474.53
2590	474.54
2591	474.52
2592	474.53
2593	474.52
2594	474.53
2595	474.53
2596	474.53
2597	474.52
2598	474.53
2599	474.52
2600	474.54
2601	474.52
2602	474.52
2603	474.53
2604	474.53
2605	474.52
2606	474.54
2607	474.53
2608	474.53
2609	474.52
2610	474.53
2611	475.
2612	475.
2613	475.
2614	475.
2615	475.
2616	475.
2617	475.
2618	475.
2619	475.
2620	475.
2621	475.
2622	475.
2623	475.
2624	475.
2625	475.
2626	475.
2627	475.
2628	475.
2629	475.
2630	475.
2631	475.
2632	475.
2633	475.
2634	475.
2635	475.
2636	475.
2637	475.
2638	475.
2639	475.
2640	475.
2641	475.
2642	475.
2643	475.
2644	475.
2645	475.
2646	475.
2647	475.
2648	475.
2649	475.
2650	475.
2651	475.
2652	475.
2653	474.52
2654	474.53
2655	474.52
2656	474.51
2657	474.53
2658	474.53
2659	474.53
2660	474.52
2661	474.52
2662	474.52
2663	474.52
2664	474.53
2665	474.53
2666	474.51
2667	474.52
2668	474.53
2669	474.52
2670	474.53
2671	474.53
2672	474.53
2673	474.54
2674	474.52
2675	474.52
2676	474.53
2677	474.53
2678	474.52
2679	474.52
2680	474.53
2681	474.54
2682	474.55
2683	474.53
2684	474.53
2685	474.53
2686	474.53
2687	474.53
2688	474.53
2689	474.53
2690	474.53
2691	474.53
2692	474.53
2693	474.53
2694	474.52
2695	474.53
2696	474.53
2697	474.53
2698	474.53
2699	474.53
2700	474.53
2701	474.53
2702	474.53
2703	474.54
2704	474.53
2705	474.53
2706	474.53
2707	475.
2708	475.
2709	475.
2710	474.53
2711	474.49
2712	474.53
2713	475.
2714	475.
2715	475.
2716	474.53
2717	474.46
2718	474.53
2719	474.54
2720	474.54
2721	474.53
2722	474.55
2723	474.45
2724	474.53
2725	474.53
2726	474.46
2727	474.52
2728	474.54
2729	474.55
2730	474.54
2731	474.53
2732	474.47
2733	474.52
2734	474.56
2735	474.54
2736	474.45
2737	474.52
2738	474.53
2739	474.47
2740	475.
2741	475.
2742	475.
2743	475.
2744	475.
2745	475.
2746	474.53
2747	474.53
2748	474.54
2749	474.53
2750	474.53
2751	474.51
2752	475.
2753	475.
2754	475.
2755	475.
2756	475.
2757	475.
2758	475.
2759	475.
2760	475.
2761	474.54
2762	474.55
2763	474.56
2764	474.53
2765	474.52
2766	474.53
2767	474.53
2768	474.51
2769	474.52
2770	474.53
2771	474.52
2772	474.53
2773	474.52
2774	474.53
2775	474.51
2776	474.53
2777	474.51
2778	474.52
2779	474.53
2780	474.51
2781	474.52
2782	474.53
2783	474.52
2784	474.53
2785	474.47
2786	474.51
2787	474.53
2788	475.
2789	475.
2790	475.
2791	475.
2792	475.
2793	475.
2794	474.54
2795	474.59
2796	474.54
2797	474.53
2798	474.5
2799	474.52
2800	474.54
2801	474.59
2802	474.54
2803	474.52
2804	474.5
2805	474.53
2806	474.5
2807	474.52
2808	474.52
2809	474.52
2810	474.53
2811	474.5
2812	474.52
2813	474.47
2814	474.51
2815	475.
2816	475.
2817	475.
2818	475.
2819	475.
2820	475.
2821	475.
2822	475.
2823	475.
2824	474.53
2825	474.52
2826	474.46
2827	474.55
2828	474.57
2829	474.53
2830	474.52
2831	474.5
2832	474.52
2833	474.51
2834	474.53
2835	474.53
2836	474.52
2837	474.52
2838	474.5
2839	475.
2840	475.
2841	475.
2842	475.
2843	475.
2844	475.
2845	475.
2846	475.
2847	475.
2848	475.
2849	475.
2850	475.
2851	475.
2852	475.
2853	475.
2854	475.
2855	475.
2856	475.
2857	475.
2858	475.
2859	475.
2860	475.
2861	475.
2862	475.
2863	475.
2864	475.
2865	475.
2866	475.
2867	475.
2868	475.
2869	475.
2870	475.
2871	475.
2872	475.
2873	475.
2874	475.
2875	475.
2876	475.
2877	475.
2878	475.
2879	475.
2880	475.
2881	475.
2882	475.
2883	475.
2884	475.
2885	475.
2886	475.
2887	474.53
2888	474.48
2889	474.51
2890	474.54
2891	474.57
2892	474.54
2893	474.53
2894	474.49
2895	474.53
2896	474.53
2897	474.5
2898	474.53
2899	474.6
2900	474.58
2901	474.56
2902	474.53
2903	474.5
2904	474.53
2905	474.53
2906	474.53
2907	474.5
2908	474.53
2909	474.53
2910	474.5
2911	474.59
2912	474.51
2913	474.55
2914	474.57
2915	474.54
2916	474.54
2917	474.5
2918	474.53
2919	474.57
2920	474.48
2921	474.52
2922	474.52
2923	474.52
2924	474.48
2925	474.5
2926	474.5
2927	474.52
2928	474.48
2929	474.52
2930	474.48
2931	474.52
2932	474.54
2933	474.55
2934	474.53
2935	474.52
2936	474.48
2937	474.52
2938	474.5
2939	474.53
2940	474.54
2941	475.
2942	475.
2943	475.
2944	475.
2945	475.
2946	475.
2947	474.76
2948	474.78
2949	474.53
2950	474.76
2951	474.78
2952	474.53
2953	474.76
2954	474.78
2955	474.53
2956	474.76
2957	474.78
2958	474.53
2959	474.76
2960	474.78
2961	474.53
2962	474.53
2963	474.76
2964	474.78
2965	474.53
2966	474.76
2967	474.78
2968	475.
2969	475.
2970	475.
2971	475.
2972	474.75
2973	474.75
2974	474.74
2975	475.
2976	474.76
2977	474.76
2978	474.74
2979	475.
2980	474.76
2981	474.74
2982	475.
2983	474.76
2984	474.74
2985	475.
2986	474.76
2987	474.74
2988	475.
2989	474.76
2990	474.74
2991	475.
2992	474.52
2993	474.48
2994	474.52
2995	474.51
2996	474.47
2997	474.49
2998	474.52
2999	474.48
3000	474.52
3001	474.51
3002	474.47
3003	474.49
3004	475.
3005	475.
3006	475.
3007	475.
3008	475.
3009	475.
3010	475.
3011	475.
3012	475.
3013	475.
3014	475.
3015	475.
3016	474.46
3017	474.52
3018	474.52
3019	474.47
3020	474.52
3021	474.51
3022	474.47
3023	474.52
3024	474.52
3025	474.52
3026	474.53
3027	474.47
3028	474.48
3029	474.53
3030	474.52
3031	474.48
3032	474.52
3033	474.48
3034	474.54
3035	474.55
3036	474.55
3037	474.47
3038	474.52
3039	474.51
3040	474.47
3041	474.52
3042	474.52
3043	474.56
3044	474.54
3045	474.55
3046	474.48
3047	474.52
3048	474.53
3049	474.52
3050	474.47
3051	474.54
3052	474.55
3053	474.53
3054	474.48
3055	474.54
3056	474.55
3057	474.49
3058	474.51
3059	474.51
3060	475.
3061	475.
3062	475.
3063	474.53
3064	474.51
3065	474.53
3066	474.53
3067	474.48
3068	474.53
3069	474.53
3070	474.53
3071	474.53
3072	474.53
3073	474.48
3074	474.53
3075	474.53
3076	474.53
3077	474.48
3078	474.53
3079	474.53
3080	474.48
3081	474.53
3082	474.48
3083	474.53
3084	474.53
3085	474.54
3086	474.53
3087	474.52
3088	474.52
3089	474.53
3090	474.52
3091	474.53
3092	474.53
3093	474.52
3094	474.47
3095	474.52
3096	474.52
3097	474.47
3098	474.53
3099	474.52
3100	474.47
3101	474.52
3102	474.47
3103	474.52
3104	474.52
3105	474.47
3106	474.52
3107	474.52
3108	474.47
3109	474.52
3110	474.51
3111	474.63
3112	474.65
3113	474.52
3114	475.
3115	475.
3116	475.
3117	475.
3118	474.87
3119	474.89
3120	474.75
3121	474.87
3122	474.7
3123	474.53
3124	474.51
3125	474.53
3126	474.52
3127	474.54
3128	474.51
3129	474.54
3130	474.52
3131	474.52
3132	474.52
3133	474.53
3134	474.51
3135	474.51
3136	474.47
3137	474.5
3138	474.47
3139	474.52
3140	474.51
3141	474.51
3142	474.47
3143	474.52
3144	474.52
3145	474.53
3146	474.53
3147	474.5
3148	474.51
3149	474.48
3150	474.52
3151	474.47
3152	474.5
3153	474.47
3154	474.52
3155	474.51
3156	474.52
3157	474.47
3158	474.51
3159	474.5
3160	474.47
3161	474.52
3162	475.
3163	475.
3164	475.
3165	475.
3166	475.
3167	475.
3168	475.
3169	475.
3170	475.
3171	475.
3172	475.
3173	475.
3174	475.
3175	475.
3176	475.
3177	475.
3178	475.
3179	475.
3180	474.67
3181	474.67
3182	474.54
3183	474.52
3184	474.64
3185	474.66
3186	474.52
3187	474.47
3188	474.52
3189	474.54
3190	474.65
3191	474.65
3192	474.52
3193	474.53
3194	474.52
3195	474.51
3196	474.47
3197	474.51
3198	474.47
3199	474.52
3200	474.51
3201	474.51
3202	474.47
3203	474.51
3204	474.51
3205	474.47
3206	474.52
3207	474.47
3208	474.51
3209	474.51
3210	474.52
3211	474.53
3212	474.53
3213	474.53
3214	474.54
3215	474.51
3216	474.51
3217	474.46
3218	474.5
3219	474.49
3220	474.51
3221	474.46
3222	474.51
3223	474.46
3224	474.49
3225	474.52
3226	474.53
3227	474.5
3228	474.51
3229	474.46
3230	474.5
3231	474.51
3232	474.53
3233	474.46
3234	474.51
3235	474.46
3236	474.52
3237	474.53
3238	474.64
3239	474.64
3240	474.66
3241	474.54
3242	474.65
3243	474.52
3244	474.62
3245	474.62
3246	474.56
3247	474.77
3248	474.71
3249	474.52
3250	474.76
3251	474.7
3252	474.56
3253	474.77
3254	474.72
3255	474.52
3256	474.76
3257	474.7
3258	474.72
3259	474.52
3260	474.76
3261	474.72
3262	474.52
3263	474.76
3264	474.52
3265	474.76
3266	474.77
3267	475.
3268	475.
3269	475.
3270	474.64
3271	474.64
3272	474.52
3273	474.51
3274	474.47
3275	474.49
3276	474.5
3277	474.62
3278	474.62
3279	474.48
3280	474.51
3281	474.47
3282	474.51
3283	474.47
3284	474.48
3285	474.53
3286	474.55
3287	474.5
3288	474.51
3289	474.47
3290	474.48
3291	474.49
3292	474.51
3293	474.47
3294	474.5
3295	474.47
3296	474.49
3297	475.
3298	475.
3299	475.
3300	475.
3301	475.
3302	474.54
3303	474.61
3304	474.63
3305	474.63
3306	474.63
3307	474.52
3308	474.5
3309	474.6
3310	474.61
3311	474.51
3312	474.48
3313	474.51
3314	475.
3315	475.
3316	475.
3317	474.53
3318	474.51
3319	474.56
3320	474.5
3321	474.5
3322	474.47
3323	474.5
3324	474.49
3325	474.47
3326	474.53
3327	474.51
3328	474.55
3329	474.5
3330	474.49
3331	474.47
3332	474.47
3333	474.5
3334	474.49
3335	475.
3336	475.
3337	475.
3338	475.
3339	475.
3340	475.
3341	475.
3342	475.
3343	475.
3344	475.
3345	475.
3346	475.
3347	475.
3348	475.
3349	475.
3350	475.
3351	475.
3352	475.
3353	475.
3354	475.
3355	475.
3356	475.
3357	475.
3358	475.
3359	475.
3360	475.
3361	475.
3362	475.
3363	475.
3364	475.
3365	474.51
3366	474.51
3367	474.51
3368	474.5
3369	474.5
3370	474.5
3371	474.6
3372	474.59
3373	474.59
3374	474.5
3375	474.5
3376	474.5
3377	474.5
3378	474.5
3379	474.5
3380	474.5
3381	474.5
3382	474.5
3383	474.5
3384	474.5
3385	474.5
3386	474.59
3387	474.59
3388	474.59
3389	474.52
3390	474.52
3391	474.53
3392	475.
3393	475.
3394	474.56
3395	474.49
3396	474.51
3397	474.51
3398	474.51
3399	474.5
3400	474.5
3401	474.5
3402	474.51
3403	474.51
3404	474.58
3405	474.6
3406	474.58
3407	474.6
3408	474.49
3409	474.49
3410	474.49
3411	474.49
3412	474.49
3413	474.57
3414	474.48
3415	474.48
3416	474.49
3417	474.48
3418	474.5
3419	474.51
3420	474.51
3421	474.51
3422	474.5
3423	474.59
3424	474.59
3425	474.5
3426	474.6
3427	474.59
3428	474.59
3429	474.51
3430	474.5
3431	474.5
3432	474.51
3433	474.5
3434	474.49
3435	474.5
3436	474.5
3437	474.5
3438	474.52
3439	474.52
3440	474.47
3441	474.59
3442	474.5
3443	474.6
3444	474.59
3445	474.6
3446	474.58
3447	474.51
3448	474.5
3449	474.55
3450	474.56
3451	474.48
3452	474.48
3453	474.47
3454	474.48
3455	474.54
3456	474.55
3457	474.48
3458	474.49
3459	474.48
3460	474.49
3461	474.48
3462	474.48
3463	475.
3464	475.
3465	475.
3466	474.5
3467	474.5
3468	474.5
3469	474.5
3470	474.49
3471	474.51
3472	474.51
3473	474.5
3474	474.5
3475	474.5
3476	474.49
3477	474.59
3478	474.56
3479	474.59
3480	474.59
3481	474.59
3482	474.56
3483	474.56
3484	474.58
3485	474.49
3486	474.56
3487	474.49
3488	474.55
3489	474.48
3490	474.49
3491	474.48
3492	474.49
3493	474.48
3494	474.57
3495	474.5
3496	474.49
3497	474.49
3498	474.57
3499	475.
3500	475.
3501	475.
3502	474.49
3503	474.48
3504	474.54
3505	474.48
3506	474.47
3507	474.47
3508	474.47
3509	474.48
3510	474.47
3511	474.48
3512	474.49
3513	474.56
3514	474.56
3515	474.58
3516	474.47
3517	474.48
3518	474.52
3519	474.54
3520	474.46
3521	474.47
3522	474.46
3523	474.47
3524	474.47
3525	474.48
3526	474.46
3527	474.47
3528	474.56
3529	474.57
3530	474.47
3531	474.48
3532	474.46
3533	474.46
3534	474.54
3535	474.56
3536	474.47
3537	474.48
3538	474.46
3539	474.47
3540	474.48
3541	474.55
3542	474.74
3543	474.65
3544	474.57
3545	474.56
3546	474.48
3547	474.48
3548	474.48
3549	474.48
3550	474.48
3551	474.48
3552	474.55
3553	474.56
3554	474.56
3555	474.48
3556	474.49
3557	474.48
3558	474.47
3559	474.49
3560	474.48
3561	474.49
3562	474.48
3563	474.56
3564	474.57
3565	474.48
3566	474.49
3567	474.48
3568	474.48
3569	474.48
3570	474.47
3571	474.48
3572	474.48
3573	474.48
3574	474.56
3575	474.57
3576	474.48
3577	474.49
3578	474.48
3579	474.49
3580	474.48
3581	474.48
3582	474.48
3583	474.49
3584	474.48
3585	474.49
3586	474.48
3587	474.48
3588	474.48
3589	474.48
3590	474.49
3591	474.48
3592	474.49
3593	474.58
3594	474.58
3595	474.48
3596	474.49
3597	474.47
3598	474.47
3599	474.49
3600	474.49
3601	474.56
3602	474.57
3603	475.
3604	475.
3605	474.75
3606	474.98
3607	474.73
3608	474.74
3609	474.77
3610	474.7
3611	474.73
3612	475.
3613	475.
3614	475.
3615	475.
3616	475.
3617	475.
3618	475.
3619	475.
3620	475.
3621	474.74
3622	474.66
3623	474.78
3624	474.77
3625	474.8
3626	474.89
3627	474.67
3628	475.
3629	474.77
3630	474.69
3631	474.93
3632	474.79
3633	474.72
3634	474.92
3635	474.76
3636	474.83
3637	474.74
3638	474.86
3639	474.89
3640	474.66
3641	474.71
3642	474.78
3643	474.8
3644	474.74
3645	474.64
3646	474.93
3647	474.94
3648	474.6
3649	474.81
3650	474.96
3651	474.79
3652	474.86
3653	474.78
3654	474.78
3655	474.68
3656	474.94
3657	474.91
3658	474.78
3659	474.77
3660	475.
3661	474.7
3662	474.67
3663	474.77
3664	474.89
3665	474.8
3666	474.74
3667	474.83
3668	474.81
3669	474.59
3670	474.67
3671	474.74
3672	475.
3673	475.
3674	474.64
3675	474.66
3676	474.75
3677	474.59
3678	474.84
3679	474.71
3680	474.81
3681	474.91
3682	474.64
3683	474.68
3684	474.68
3685	474.8
3686	474.7
3687	474.89
3688	474.71
3689	474.83
3690	474.72
3691	474.91
3692	474.81
3693	474.75
3694	474.95
3695	474.71
3696	474.65
3697	474.72
3698	474.64
3699	474.87
3700	474.89
3701	474.89
3702	475.
3703	474.8
3704	474.72
3705	474.73
3706	474.62
3707	475.
3708	474.69
3709	474.65
3710	474.76
3711	474.64
3712	474.71
3713	474.72
3714	474.82
3715	474.66
3716	474.93
3717	474.68
3718	474.72
3719	475.
3720	474.96
3721	474.96
3722	474.93
3723	474.76
3724	474.65
3725	474.83
3726	474.82
3727	474.82
3728	474.69
3729	474.9
3730	474.62
3731	474.89
3732	474.87
3733	474.86
3734	474.8
3735	474.74
3736	474.91
3737	474.91
3738	474.93
3739	474.92
3740	474.83
3741	474.97
3742	474.83
3743	474.66
3744	474.88
3745	474.59
3746	474.82
3747	474.65
3748	474.89
3749	474.8
3750	475.
3751	474.97
3752	474.81
3753	474.69
3754	474.68
3755	475.
3756	474.66
3757	474.97
3758	474.67
3759	474.58
3760	474.82
3761	474.71
3762	474.78
3763	474.78
3764	474.89
3765	474.61
3766	474.71
3767	474.89
3768	474.79
3769	474.89
3770	474.85
3771	474.77
3772	474.92
3773	474.92
3774	474.81
3775	474.95
3776	474.71
3777	474.82
3778	474.8
3779	475.
3780	474.77
3781	474.89
3782	474.92
3783	474.9
3784	474.61
3785	474.81
3786	474.73
3787	474.94
3788	474.91
3789	474.9
3790	475.
3791	474.89
3792	474.89
3793	474.82
3794	474.89
3795	474.79
3796	474.88
3797	474.91
3798	474.91
3799	475.
3800	474.87
3801	474.89
3802	474.72
3803	474.7
3804	474.78
3805	474.93
3806	474.96
3807	474.94
3808	474.95
3809	474.91
3810	474.93
3811	474.75
3812	474.66
3813	474.93
3814	474.95
3815	474.93
3816	474.88
3817	474.89
3818	475.
3819	474.68
3820	474.85
3821	474.81
3822	475.
3823	474.52
3824	474.9
3825	474.95
3826	474.98
3827	474.9
3828	475.
3829	474.9
3830	474.91
3831	474.83
3832	474.87
3833	474.81
3834	475.
3835	474.68
3836	475.
3837	474.87
3838	474.71
3839	474.87
3840	474.82
3841	474.88
3842	474.89
3843	474.8
3844	474.95
3845	474.92
3846	474.94
3847	474.63
3848	474.94
3849	474.91
3850	474.9
3851	474.94
3852	474.71
3853	474.97
3854	474.96
3855	474.92
3856	474.77
3857	474.92
3858	474.71
3859	475.
3860	474.78
3861	474.96
3862	474.76
3863	474.65
3864	474.71
3865	474.95
3866	474.76
3867	474.94
3868	474.66
3869	474.71
3870	474.82
3871	475.
3872	475.
3873	474.77
3874	474.65
3875	474.6
3876	474.84
3877	474.75
3878	474.87
3879	474.88
3880	474.91
3881	474.77
3882	474.89
3883	474.83
3884	475.
3885	474.92
3886	474.93
3887	474.68
3888	474.89
3889	474.76
3890	474.66
3891	474.79
3892	474.97
3893	474.92
3894	475.
3895	474.88
3896	474.92
3897	474.94
3898	474.96
3899	475.
3900	474.78
3901	474.66
3902	474.63
3903	474.93
3904	474.82
3905	474.75
3906	474.71
3907	474.95
3908	474.55
3909	474.93
3910	474.94
3911	474.78
3912	474.96
3913	475.
3914	474.88
3915	474.83
3916	474.6
3917	474.53
3918	474.96
3919	475.
3920	474.83
3921	474.64
3922	475.
3923	474.92
3924	474.9
3925	474.84
3926	474.95
3927	474.91
3928	474.72
3929	474.89
3930	474.91
3931	474.77
3932	474.78
3933	474.7
3934	474.97
3935	474.91
3936	474.89
3937	474.92
3938	474.92
3939	474.74
3940	474.49
3941	474.48
3942	475.
3943	474.5
3944	475.
3945	474.47
3946	474.54
3947	474.47
3948	475.
3949	474.49
3950	474.56
3951	474.49
3952	474.48
3953	474.5
3954	474.58
3955	475.
3956	474.47
3957	475.
3958	474.58
3959	474.47
3960	474.5
3961	474.48
3962	474.56
3963	474.51
3964	474.51
3965	475.
3966	474.48
3967	474.58
3968	474.49
3969	474.51
3970	474.54
3971	474.58
3972	475.
3973	474.57
3974	475.
3975	474.48
3976	474.51
3977	474.47
3978	474.49
3979	474.46
3980	475.
3981	474.47
3982	474.48
3983	474.48
3984	474.48
3985	474.49
3986	475.
3987	474.47
3988	474.46
3989	474.45
3990	475.
3991	474.58
3992	474.58
3993	474.45
3994	474.5
3995	474.5
3996	474.5
3997	474.47
3998	474.47
3999	474.46
4000	474.58
4001	474.52
4002	474.46
4003	475.
4004	475.
4005	474.47
4006	474.55
4007	474.47
4008	474.48
4009	474.55
4010	474.47
4011	474.47
4012	474.48
4013	474.48
4014	474.47
4015	474.48
4016	474.55
4017	474.56
4018	474.48
4019	474.53
4020	474.55
4021	475.
4022	474.47
4023	474.49
4024	475.
4025	474.48
4026	475.
4027	475.
